B=[4 2 6 5;7 8 5 6; 2 1 -8 -9;3 1 2 3];
A=[2 4 3 7; 9 3 -1 2 ; 1 9 3 7 ; 6 6 3 -2];
C=A*B'

C =

    69   103   -79    37
    46    94    11    34
    75   136   -76    39
    44    93    12    24

C=A*B

C =

    63    46    22    28
    61    43    81    78
    94    84    41    53
    66    61    38    33

A

A =

     2     4     3     7
     9     3    -1     2
     1     9     3     7
     6     6     3    -2

%인덱스 찾기
%9는 어디? 3rd row, 2nd column
A(3,2)

ans =

     9

%매틀랩에서는 위에서 아래로, 왼쪽에서 오른쪽 순서로 저장
A(7)

ans =

     9

%2 9 1 6 4 3 '9' 6 ....
%column 벡터로 만들고 싶다
c=A(:) % 전부 다

c =

     2
     9
     1
     6
     4
     3
     9
     6
     3
    -1
     3
     3
     7
     2
     7
    -2

%매틀랩에서는 위에서 아래로 읽어들이기 때문에 위처럼 저장됨
%전부 다가 아닌, 일부(subset)만 뽑고 싶다면?
c = A(2:3,2:3)

c =

     3    -1
     9     3

c=A(2:3,3:4)

c =

    -1     2
     3     7

c=A(2:3,3:end)

c =

    -1     2
     3     7

%row, column 순
%한줄만 빼고 싶을때?
%3번째 컬럼만
c = A(:,3)

c =

     3
    -1
     3
     3

c=A(4,:)

c =

     6     6     3    -2

c=A*B

c =

    63    46    22    28
    61    43    81    78
    94    84    41    53
    66    61    38    33

%for문으로 계산
%비어있는 행렬 만들기
c=zeros(3)

c =

     0     0     0
     0     0     0
     0     0     0

c=zeros(3,1)

c =

     0
     0
     0

%zeros와 유사하지만, 1로 만드는 것은?
c=ones(3,1)

c =

     1
     1
     1

c=zeros(4,4)

c =

     0     0     0     0
     0     0     0     0
     0     0     0     0
     0     0     0     0

c=zeros(4)

c =

     0     0     0     0
     0     0     0     0
     0     0     0     0
     0     0     0     0

%c를 4*4 0으로 채워진 행렬로 정의
%A*B = A의 row * B의 column 각각 곱하고 더한 값
ㅑ
 ㅑ
 ↑
{Error: Invalid text character. Check for unsupported symbol, invisible
character, or pasting of non-ASCII characters.
} 
i

ans =

   0.0000 + 1.0000i

j

ans =

   0.0000 + 1.0000i

%매틀랩에서 i,j는 complex index, for문에서 잘 사용 안함.
i=0

i =

     0

i

i =

     0

i=sqrt(-1)

i =

   0.0000 + 1.0000i

%원한다면 i를 새롭게 정의할 수 있지만, 그렇게 권장되지 않음
%c=A*B
%for문 사용해 구현해보기
size(A)

ans =

     4     4

length(A)

ans =

     4

size(A)

ans =

     4     4

for k = 1:length(A)
      for l = 1:length(B)
         d=A(k,:)*B(:,l);
         c(k,l) = d;
      end
   end
c=
 c=
   ↑
{Error: Invalid expression. Check for missing or extra characters.
} 
c

c =

    63    46    22    28
    61    43    81    78
    94    84    41    53
    66    61    38    33

c=A*B

c =

    63    46    22    28
    61    43    81    78
    94    84    41    53
    66    61    38    33

%위 아래 일치함. 같음을 알 수 있음.
%숙제
%for문을 이용해서 c=A*B' 구현하기
%다음 주 화요일까지
%9월 26일까지
%2가지 방법 이용가능
% 방법1: B transpose해서 같은 방식으로 진행(?)
k=3

k =

     3

l=4

l =

     4

A(k,:)*B(1,:) % 오류발생
{Error using <a href="matlab:matlab.internal.language.introspective.errorDocCallback('mtimes')" style="font-weight:bold"> * </a>
Incorrect dimensions for matrix multiplication. Check that the number of
columns in the first matrix matches the number of rows in the second
matrix. To operate on each element of the matrix individually, use TIMES
(.*) for elementwise multiplication.

<a href="matlab:helpview('matlab','error_innerdim')" style="font-weight:bold">Related documentation</a>
} 
%오류해결방법, 원소끼리 곱하기(. 이용)
%저장은 '.m' 파일로 저장
%파일명은 꼭 영어로!
%위 계산을 while로 하려면?
k=0

k =

     0

l=0

l =

     0

c=zeros(4)

c =

     0     0     0     0
     0     0     0     0
     0     0     0     0
     0     0     0     0

while k<5
    k=k+1;
    while l<5
      l=l+1;
      d=A(k,:)*B(:,l);
      c(k,l) = d;
    end
   end
{Index in position 2 exceeds array bounds. Index must not exceed 4.
} 
%오류 발생, 'l'이 다시 0으로 세팅되어있지 않기 때문
while k<5
    k=k+1;
end
k = 0

k =

     0

l=0

l =

     0

while k<5
end
k=0;
l=0;
while k<4
    k=k+1;
    l=0;
    while l<4
      l=l+1;
      d=A(k+1,:)*B(:,l+1);
      c(k+1,l+1) = d;
    end
   end
{Index in position 2 exceeds array bounds. Index must not exceed 4.
} 
%?????
%ctrl+C로 탈출
c=-5

c =

    -5

if c<0,
  c=0;
  fprintf("\n c = %d",c)
end

 c = 0c

c =

     0

if c<0,
  c=0;
  fprintf("\n c = %d",c)
end
c=-5

c =

    -5

if c<0,
  c=0;
  fprintf("\n c = %d \n",c)
end

 c = 0 
k=1;
l=1;

while k<5
    k=k+1;
    l=1;
    while l<5
      l=l+1;
      d=A(k,:)*B(:,l);
      c(k,l) = d;
    end
   end
{Index in position 2 exceeds array bounds. Index must not exceed 4.
} 
k=1;
l=1;
while k<4
    k=k+1;
    l=1;
    while l<4
      l=l+1;
      d=A(k,:)*B(:,l);
      c(k,l) = d;
    end
   end
c

c =

     0     0     0     0
     0    43    81    78
     0    84    41    53
     0    61    38    33

%--------------
A=[1,2,-3,5]

A =

     1     2    -3     5

for k = 1:length(A)
    if A(k) < 0,
       A(k) = 0;
    end
end
A

A =

     1     2     0     5

A=[1,2,-3,99];
for k = 1:length(A)
      if A(k) < 0,
         A(k) = 0;
      elseif A(k) > 50,
          A(k) = 50;
      end
end
A

A =

     1     2     0    50

A=[1 2 -3 99]

A =

     1     2    -3    99

for k = 1:length(A)
      if A(k) < 0,
         A(k) = -1;
      else
         A(k) = +1;
      end
end
A

A =

     1     1    -1     1

% 1교시 끝
%연습
A=[2 4 3 7; 9 3 -1 2 ; 1 9 3 7 ; 6 6 3 -2];
B=[4 2 6 5;7 8 5 6; 2 1 -8 -9;3 1 2 3];
A

A =

     2     4     3     7
     9     3    -1     2
     1     9     3     7
     6     6     3    -2

B

B =

     4     2     6     5
     7     8     5     6
     2     1    -8    -9
     3     1     2     3

k=0

k =

     0

l=0

l =

     0

%A*B while문으로 구현
while k<4
    k=k+1;
    l=1;
    while l<4
      l=l+1;
      d=A(k,:)*B(:,l);
      c(k,l) = d;
    end
   end
c

c =

     0    46    22    28
     0    43    81    78
     0    84    41    53
     0    61    38    33

k=0;
l=0;
while k<4
    k=k+1;
    l=0;
    while l<4
      l=l+1;
      d=A(k,:)*B(:,l);
      c(k,l) = d;
    end
   end
c

c =

    63    46    22    28
    61    43    81    78
    94    84    41    53
    66    61    38    33

A*B

ans =

    63    46    22    28
    61    43    81    78
    94    84    41    53
    66    61    38    33

%종료
%--------------
%--------------
%--------------
%--------------
%--------------
%--------------

%--------------
%--------------
k=1;
l=1;
while k<5
    l=1;
    while l<5
      d=A(k,:)*B(:,l);
      c(k,l) = d;
      l=l+1;
    end
    k=k+1;
   end
c

c =

    63    46    22    28
    61    43    81    78
    94    84    41    53
    66    61    38    33

A*B

ans =

    63    46    22    28
    61    43    81    78
    94    84    41    53
    66    61    38    33










%2교시
% dewijs1.txt 파일 열기
clear all
%workspace의 값 전부 삭제
xy = load('dewijs1.txt');
xy

