% -------------------------------------------------------------------
%  Generated by MATLAB on 19-Sep-2023 16:06:48
%  MATLAB version: 9.14.0.2337262 (R2023a) Update 5
% -------------------------------------------------------------------
                                 

A = ...
  [2 4 3 7;
   9 3 -1 2;
   1 9 3 7;
   6 6 3 -2];

B = ...
  [4 2 6 5;
   7 8 5 6;
   2 1 -8 -9;
   3 1 2 3];

C = ...
  [63 46 22 28;
   61 43 81 78;
   94 84 41 53;
   66 61 38 33];

ans = ...
  [63 46 22 28;
   61 43 81 78;
   94 84 41 53;
   66 61 38 33];

c = ...
  [63 46 22 28;
   61 43 81 78;
   94 84 41 53;
   66 61 38 33];

d = 33;

i = complex(0,1);

k = 5;

l = 5;

